5.017338946008368339e+01
4.967662322780562079e+01
4.918477547307487896e+01
4.869779749809393365e+01
4.821564108722171937e+01
4.773825850219972011e+01
4.726560247742546039e+01
4.679762621527273581e+01
4.633428338145814962e+01
4.587552810045361440e+01
4.542131495094417204e+01
4.497159896133086932e+01
4.452633560527808498e+01
4.408548079730503844e+01
4.364899088842082620e+01
4.321682266180280862e+01
4.278893332851762921e+01
4.236528052328478111e+01
4.194582230028196079e+01
4.153051712899203807e+01
4.111932389009112399e+01
4.071220187137735991e+01
4.030911076373995883e+01
3.991001065716827867e+01
3.951486203680028098e+01
3.912362577901017602e+01
3.873626314753482802e+01
3.835273578963844443e+01
3.797300573231530052e+01
3.759703537852999489e+01
3.722478750349504395e+01
3.685622525098519731e+01
3.649131212968831051e+01
3.613001200959238446e+01
3.577228911840830250e+01
3.541810803802802354e+01
3.506743370101784762e+01
3.472023138714638435e+01
3.437646671994691872e+01
3.403610566331377640e+01
3.369911451813246117e+01
3.336545991894303143e+01
3.303510883063665915e+01
3.270802854518481695e+01
3.238418667840080900e+01
3.206355116673347538e+01
3.174609026409255108e+01
3.143177253870549492e+01
3.112056687000544031e+01
3.081244244554994083e+01
3.050736875797023728e+01
3.020531560195072984e+01
2.990625307123834631e+01
2.961015155568153290e+01
2.931698173829854426e+01
2.902671459237479823e+01
2.873932137858891167e+01
2.845477364216723970e+01
2.817304321006657375e+01
2.789410218818472487e+01
2.761792295859874002e+01
2.734447817683043525e+01
2.707374076913904304e+01
2.680568392984063664e+01
2.654028111865409656e+01
2.627750605807336015e+01
2.601733273076570185e+01
2.575973537699574223e+01
2.550468849207499389e+01
2.525216682383662814e+01
2.500214537013527405e+01
2.475459937637155861e+01
2.450950433304114995e+01
2.426683597330806919e+01
2.402657027060205053e+01
2.378868343623965131e+01
2.355315191706896272e+01
2.331995239313758361e+01
2.308906177538374749e+01
2.286045720335024356e+01
2.263411604292103618e+01
2.241001588408023082e+01
2.218813453869329777e+01
2.196845003831019483e+01
2.175094063199029648e+01
2.153558478414880994e+01
2.132236117242456430e+01
2.111124868556887435e+01
2.090222642135531927e+01
2.069527368451021943e+01
2.049036998466358028e+01
2.028749503432037926e+01
2.008662874685185784e+01
1.988775123450678706e+01
1.969084280644236173e+01
1.949588396677461688e+01
1.930285541264813176e+01
1.911173803232488666e+01
1.892251290329196678e+01
1.873516129038808842e+01
1.854966464394860282e+01
1.836600459796891371e+01
1.818416296828605283e+01
1.800412175077826760e+01
1.782586311958244352e+01
1.764936942532915154e+01
1.747462319339519965e+01
1.730160712217346486e+01
1.713030408135986704e+01
1.696069711025729276e+01
1.679276941609632701e+01
1.662650437237260093e+01
1.646188551720059579e+01
1.629889655168376095e+01
1.613752133830075053e+01
1.597774389930767569e+01
1.581954841515611321e+01
1.566291922292684546e+01
1.550784081477905296e+01
1.535429783641490431e+01
1.520227508555931095e+01
1.505175751045476318e+01
1.490273020837105200e+01
1.475517842412975789e+01
1.460908754864332337e+01
1.446444311746863498e+01
1.432123080937488702e+01
1.417943644492563138e+01
1.403904598507488188e+01
1.390004552977711150e+01
1.376242131661099855e+01
1.362615971941683490e+01
1.349124724694735988e+01
1.335767054153203937e+01
1.322541637775449530e+01
1.309447166114306427e+01
1.296482342687432165e+01
1.283645883848942937e+01
1.270936518662319514e+01
1.258352988774573866e+01
1.245894048291657263e+01
1.233558463655106152e+01
1.221345013519907141e+01
1.209252488633571510e+01
1.197279691716407513e+01
1.185425437342977695e+01
1.173688551824730375e+01
1.162067873093792514e+01
1.150562250587913304e+01
1.139170545136547830e+01
1.127891628848067285e+01
1.116724384998086350e+01
1.105667707918897236e+01
1.094720502889997249e+01
1.083881686029700475e+01
1.073150184187822198e+01
1.062524934839427893e+01
1.052004885979631510e+01
1.041588996019437019e+01
1.031276233682611121e+01
1.021065577903575416e+01
1.010956017726312339e+01
1.000946552204269580e+01
9.910361903012571361e+00
9.812239507933238514e+00
9.715088621716077455e+00
9.618899625461462932e+00
9.523662995506398943e+00
9.429369302481582338e+00
9.336009210377802958e+00
9.243573475621587932e+00
9.152052946159987101e+00
9.061438560554442745e+00
8.971721347083608578e+00
8.882892422855057646e+00
8.794942992925797398e+00
8.707864349431483575e+00
8.621647870724242324e+00
8.536285020519050804e+00
8.451767347048566137e+00
8.368086482226303247e+00
8.285234140818120707e+00
8.203202119621900934e+00
8.121982296655346545e+00
8.041566630351830725e+00
7.961947158764187904e+00
7.883115998776423439e+00
7.805065345323192183e+00
7.727787470617021981e+00
7.651274723383190590e+00
7.575519528102168110e+00
7.500514384259572509e+00
7.426251865603538782e+00
7.352724619409443108e+00
7.279925365751923394e+00
7.207846896784083413e+00
7.136482076023844101e+00
7.065823837647370986e+00
6.995865185789476470e+00
6.926599193850966785e+00
6.858019003812839465e+00
6.790117825557266507e+00
6.722888936195312581e+00
6.656325679401300377e+00
6.590421464753762670e+00
6.525169767082933170e+00
6.460564125824686421e+00
6.396598144380877926e+00
6.333265489486017863e+00
6.270559890580216234e+00
6.208475139188331937e+00
6.147005088305279585e+00
6.086143651787406128e+00
6.025884803749907093e+00
5.966222577970205165e+00
5.907151067297232494e+00
5.848664423066566975e+00
5.790756854521353247e+00
5.733422628238963981e+00
5.676656067563330410e+00
5.620451552042901255e+00
5.564803516874158973e+00
5.509706452350652484e+00
5.455154903317477988e+00
5.401143468631166122e+00
5.347666800624917727e+00
5.294719604579126049e+00
5.242296638197154302e+00
5.190392711086291300e+00
5.139002684243852315e+00
5.088121469548369191e+00
5.037744029255811107e+00
4.987865375500803111e+00
4.938480569802775832e+00
4.889584722577005493e+00
4.841172992650499829e+00
4.793240586782673063e+00
4.745782759190765532e+00
4.698794811079965328e+00
4.652272090178183106e+00
4.606209990275428545e+00
4.560603950767751158e+00
4.515449456205694823e+00
4.470742035847222517e+00
4.426477263215071289e+00
4.382650755658486830e+00
4.339258173919294137e+00
4.296295221702271405e+00
4.253757645249773844e+00
4.211641232920568356e+00
4.169941814772839095e+00
4.128655262151326610e+00
4.087777487278540178e+00
4.047304442850039763e+00
4.007232121633703237e+00
3.967556556072973084e+00
3.928273817894032849e+00
3.889380017716864479e+00
3.850871304670162587e+00
3.812743866010062543e+00
3.774993926742635786e+00
3.737617749250134125e+00
3.700611632920924876e+00
3.663971913783094614e+00
3.627694964141677580e+00
3.591777192219482551e+00
3.556215041801467525e+00
3.521004991882641377e+00
3.486143556319446724e+00
3.451627283484601350e+00
3.417452755925348029e+00
3.383616590025097182e+00
3.350115435668413078e+00
3.316945975909319166e+00
3.284104926642890554e+00
3.251589036280090106e+00
3.219395085425831304e+00
3.187519886560229221e+00
3.155960283722999193e+00
3.124713152200989441e+00
3.093775398218800987e+00
3.063143958632476682e+00
3.032815800626214475e+00
3.002787921412093386e+00
2.973057347932765992e+00
2.943621136567094787e+00
2.914476372838707974e+00
2.885620171127433409e+00
2.857049674383597360e+00
2.828762053845145896e+00
2.800754508757570260e+00
2.773024266096604240e+00
2.745568580293667793e+00
2.718384732964027606e+00
2.691470032637650611e+00
2.664821814492723817e+00
2.638437440091805364e+00
2.612314297120599704e+00
2.586449799129306282e+00
2.560841385276540816e+00
2.535486520075783012e+00
2.510382693144339594e+00
2.485527418954791568e+00
2.460918236588902630e+00
2.436552709493962521e+00
2.412428425241547103e+00
2.388542995288660542e+00
2.364894054741248475e+00
2.341479262120047977e+00
2.318296299128760118e+00
2.295342870424514903e+00
2.272616703390609061e+00
2.250115547911494041e+00
2.227837176149993770e+00
2.205779382326726434e+00
2.183939982501709398e+00
2.162316814358128170e+00
2.140907736988245880e+00
2.119710630681431063e+00
2.098723396714288647e+00
2.077943957142859954e+00
2.057370254596890824e+00
2.037000252076129669e+00
2.016831932748643474e+00
1.996863299751131970e+00
1.977092375991219786e+00
1.957517203951702589e+00
1.938135845496735454e+00
1.918946381679936142e+00
1.899946912554391965e+00
1.881135556984546486e+00
1.862510452459947174e+00
1.844069754910838910e+00
1.825811638525582925e+00
1.807734295569884075e+00
1.789835936207805789e+00
1.772114788324560264e+00
1.754569097351049933e+00
1.737197126090148203e+00
1.719997154544701257e+00
1.702967479747228952e+00
1.686106415591315688e+00
1.669412292664669062e+00
1.652883458083830748e+00
1.636518275330525629e+00
1.620315124089629188e+00
1.604272400088741612e+00
1.588388514939348184e+00
1.572661895979552638e+00
1.557090986118368825e+00
1.541674243681553369e+00
1.526410142258963765e+00
1.511297170553429492e+00
1.496333832231118155e+00
1.481518645773384435e+00
1.466850144330083650e+00
1.452326875574340370e+00
1.437947401558752780e+00
1.423710298573022559e+00
1.409614157002992751e+00
1.395657581191081853e+00
1.381839189298100790e+00
1.368157613166436359e+00
1.354611498184590479e+00
1.341199503153059913e+00
1.327920300151544497e+00
1.314772574407469863e+00
1.301755024165811792e+00
1.288866360560209756e+00
1.276105307485356111e+00
1.263470601470649601e+00
1.250960991555098767e+00
1.238575239163464126e+00
1.226312117983627825e+00
1.214170413845175878e+00
1.202148924599184543e+00
1.190246459999192430e+00
1.178461841583358982e+00
1.166793902557781148e+00
1.155241487680971346e+00
1.143803453149476512e+00
1.132478666484630248e+00
1.121266006420425843e+00
1.110164362792501080e+00
1.099172636428218830e+00
1.088289739037840320e+00
1.077514593106772667e+00
1.066846131788883767e+00
1.056283298800875015e+00
1.045825048317698069e+00
1.035470344869008130e+00
1.025218163236641722e+00
1.015067488353110559e+00
1.005017315201099493e+00
9.950666487139596672e-01
9.852145036771877695e-01
9.754599046308790600e-01
9.658018857731476281e-01
9.562394908645026614e-01
9.467717731331708464e-01
9.373977951813573517e-01
9.281166288924329599e-01
9.189273553390426841e-01
9.098290646921213254e-01
9.008208561308131967e-01
8.919018377532803576e-01
8.830711264883962519e-01
8.743278480083132020e-01
8.656711366418943232e-01
8.571001352890043057e-01
8.486139953356478527e-01
8.402118765699484459e-01
8.318929470989588904e-01
8.236563832662959772e-01
8.155013695705900512e-01
8.074270985847427085e-01
7.994327708759828566e-01
7.915175949267156952e-01
7.836807870561541822e-01
7.759215713427267680e-01
7.682391795472542917e-01
7.606328510368853824e-01
7.531018327097875886e-01
7.456453789205816918e-01
7.382627514065165375e-01
7.309532192143727292e-01
7.237160586280917407e-01
7.165505530971205683e-01
7.094559931654658147e-01
7.024316764014513215e-01
6.954769073281696912e-01
6.885909973546233687e-01
6.817732647075479546e-01
6.750230343639088693e-01
6.683396379840682577e-01
6.617224138456121452e-01
6.551707067778337334e-01
6.486838680968650683e-01
6.422612555414506375e-01
6.359022332093570151e-01
6.296061714944127807e-01
6.233724470241710502e-01
6.172004425981891806e-01
6.110895471269199852e-01
6.050391555712080205e-01
5.990486688823841721e-01
5.931174939429545434e-01
5.872450435078757636e-01
5.814307361464116086e-01
5.756739961845659392e-01
5.699742536480851829e-01
5.643309442060249204e-01
5.587435091148762467e-01
5.532113951632438020e-01
5.477340546170730295e-01
5.423109451654187785e-01
5.369415298667512548e-01
5.316252770957933249e-01
5.263616604908845087e-01
5.211501589018658898e-01
5.159902563384810570e-01
5.108814419192881928e-01
5.058232098210773131e-01
5.008150592287894387e-01
4.958564942859301494e-01
4.909470240454754109e-01
4.860861624212627907e-01
4.812734281398641234e-01
4.765083446929347932e-01
4.717904402900345295e-01
4.671192478119154390e-01
4.624943047642727234e-01
4.579151532319531426e-01
4.533813398336169476e-01
4.488924156768484552e-01
4.444479363137113781e-01
4.400474616967439134e-01
4.356905561353900391e-01
4.313767882528614650e-01
4.271057309434270199e-01
4.228769613301258667e-01
4.186900607228968285e-01
4.145446145771256030e-01
4.104402124525996509e-01
4.063764479728709245e-01
4.023529187850207189e-01
3.983692265198224836e-01
3.944249767522994832e-01
3.905197789626727589e-01
3.866532464976958350e-01
3.828249965323721193e-01
3.790346500320516121e-01
3.752818317149025917e-01
3.715661700147550039e-01
3.678872970443118895e-01
3.642448485587246321e-01
3.606384639195293618e-01
3.570677860589399621e-01
3.535324614444950164e-01
3.500321400440544739e-01
3.465664752911430391e-01
3.431351240506367306e-01
3.397377465847888356e-01
3.363740065195928719e-01
3.330435708114780624e-01
3.297461097143347120e-01
3.264812967468661009e-01
3.232488086602634536e-01
3.200483254062014282e-01
3.168795301051499647e-01
3.137421090149999925e-01
3.106357515000000014e-01
3.075601499999999766e-01
3.045149999999999801e-01
3.014999999999999902e-01
